"","altitude","cyadea","beitaw","kniexc"
"1",90,0,0,1
"2",80,0,0,0
"3",50,1,1,0
"4",40,1,0,0
"5",40,1,1,1
"6",50,1,1,1
"7",70,0,1,1
"8",100,0,1,0
"9",120,0,1,1
"10",60,0,0,0
"11",70,0,0,0
"12",90,0,1,1
"13",30,0,1,0
"14",110,0,0,1
"15",40,0,0,1
"16",80,1,0,0
"17",50,0,1,1
"18",60,0,1,0
"19",40,0,0,0
"20",80,0,0,1
"21",50,0,0,1
"22",50,0,0,0
"23",100,1,0,0
"24",60,0,1,0
"25",60,0,0,0
"26",20,1,0,0
"27",140,1,0,0
"28",60,0,0,0
"29",80,0,0,1
"30",60,1,0,0
"31",60,0,0,1
"32",50,0,0,0
"33",40,0,0,1
"34",60,0,0,0
"35",90,0,0,0
"36",140,0,0,1
"37",140,0,0,1
"38",180,1,0,0
"39",200,0,1,1
"40",160,1,0,1
"41",80,1,0,1
"42",200,1,0,0
"43",90,1,0,1
"44",60,1,0,1
"45",200,0,1,1
"46",40,0,1,1
"47",60,1,1,1
"48",75,0,0,0
"49",78,0,1,0
"50",60,0,0,0
"51",60,1,1,1
"52",60,0,0,0
"53",100,1,0,1
"54",80,1,1,0
"55",60,0,0,1
"56",170,1,0,0
"57",140,0,0,1
"58",100,0,1,1
"59",80,0,0,1
"60",80,1,0,0
"61",80,0,0,0
"62",70,0,0,0
"63",90,0,1,1
"64",70,0,1,1
"65",50,0,0,0
"66",100,1,1,0
"67",95,0,0,1
"68",100,1,1,1
"69",90,0,0,1
"70",90,0,0,1
"71",80,0,0,0
"72",70,0,1,1
"73",35,1,1,1
"74",25,0,0,0
"75",60,0,0,1
"76",35,0,0,0
"77",0,0,0,0
"78",60,0,0,0
"79",1,0,0,0
"80",1,0,0,0
"81",3,0,0,0
"82",20,0,0,1
"83",100,0,0,1
"84",60,0,0,0
"85",60,0,1,1
"86",220,0,0,1
"87",200,0,0,1
"88",160,1,0,1
"89",140,0,1,1
"90",160,0,1,1
"91",180,0,0,1
"92",40,0,1,1
"93",200,0,1,1
"94",70,0,1,1
"95",80,0,0,0
"96",60,1,0,0
"97",60,1,0,0
"98",100,0,1,1
"99",150,0,0,1
"100",180,1,0,1
"101",160,1,0,1
"102",260,0,0,1
"103",115,1,1,1
"104",270,0,0,1
"105",240,0,0,1
"106",90,0,1,1
"107",100,0,0,1
"108",100,0,1,1
"109",340,0,1,1
"110",300,0,1,1
"111",290,1,0,1
"112",380,1,1,1
"113",240,0,1,1
"114",40,1,0,1
"115",50,0,0,0
"116",60,0,1,1
"117",105,0,1,1
"118",100,0,0,0
"119",200,1,1,1
"120",140,0,0,1
"121",60,0,1,0
"122",80,0,0,1
"123",100,0,0,0
"124",40,1,1,1
"125",220,1,1,1
"126",80,0,0,0
"127",120,0,0,1
"128",200,0,1,1
"129",40,0,0,0
"130",60,0,0,1
"131",70,0,0,1
"132",220,0,1,1
"133",160,0,1,1
"134",180,0,0,1
"135",180,1,1,1
"136",0,0,0,0
"137",120,0,0,0
"138",120,1,0,1
"139",130,0,0,0
"140",190,1,0,0
"141",100,0,0,1
"142",90,1,0,1
"143",80,1,1,1
"144",220,0,0,1
"145",220,1,0,1
"146",190,0,1,1
"147",140,1,1,1
"148",100,1,1,1
"149",180,0,1,1
"150",100,0,0,0
"151",80,0,0,0
"152",85,0,0,0
"153",60,0,0,0
"154",60,0,0,0
"155",80,0,0,0
"156",160,0,0,1
"157",150,1,1,0
"158",130,0,0,0
"159",30,1,1,1
"160",160,0,0,0
"161",160,0,1,0
"162",170,0,1,0
"163",180,1,1,0
"164",185,1,1,1
"165",180,1,1,1
"166",140,1,1,1
"167",130,1,0,1
"168",100,1,1,1
"169",60,0,1,1
"170",80,1,0,1
"171",110,0,0,1
"172",200,0,0,1
"173",220,1,1,1
"174",240,0,0,0
"175",240,0,1,1
"176",240,0,1,1
"177",80,0,1,0
"178",240,0,1,1
"179",260,0,1,1
"180",260,0,1,1
"181",200,0,0,0
"182",80,0,1,1
"183",220,0,0,0
"184",280,0,0,1
"185",200,0,0,1
"186",200,1,1,1
"187",80,0,1,1
"188",240,1,0,1
"189",280,1,0,0
"190",300,1,0,0
"191",240,1,0,1
"192",200,0,0,1
"193",160,0,1,1
"194",210,0,0,1
"195",240,0,0,1
"196",220,1,1,1
"197",100,0,0,1
"198",60,1,0,0
"199",60,1,0,1
"200",75,0,1,1
"201",50,1,0,0
"202",60,0,0,1
"203",70,0,1,1
"204",80,0,0,0
"205",90,1,1,0
"206",95,0,0,0
"207",65,1,0,0
"208",80,0,1,1
"209",100,1,1,1
"210",100,1,1,1
"211",200,1,0,0
"212",200,1,0,0
"213",260,1,0,0
"214",220,0,0,1
"215",180,0,0,1
"216",180,1,0,0
"217",180,0,0,1
"218",120,1,1,1
"219",120,0,0,1
"220",190,1,1,1
"221",180,1,1,1
"222",180,1,1,1
"223",160,1,1,1
"224",200,0,1,1
"225",160,0,0,0
"226",120,1,0,1
"227",110,1,1,1
"228",200,1,0,1
"229",240,1,0,0
"230",290,0,0,1
"231",210,0,0,1
"232",200,0,0,1
"233",200,0,0,1
"234",290,1,0,1
"235",120,1,1,1
"236",300,1,1,1
"237",240,0,1,0
"238",300,0,1,1
"239",320,1,1,1
"240",270,0,0,0
"241",210,1,0,1
"242",120,0,0,1
"243",40,0,0,0
"244",80,0,1,1
"245",260,0,1,1
"246",200,0,0,1
"247",130,0,0,0
"248",150,0,1,0
"249",100,1,0,0
"250",170,1,0,1
"251",150,1,1,1
"252",150,0,1,1
"253",250,0,0,1
"254",120,1,0,1
"255",180,1,1,1
"256",200,0,0,1
"257",10,0,0,0
"258",100,0,0,0
"259",160,0,0,1
"260",280,1,1,1
"261",210,1,1,0
"262",260,0,0,1
"263",170,0,0,1
"264",80,0,0,0
"265",100,1,0,1
"266",60,0,0,0
"267",100,0,1,1
"268",160,0,1,0
"269",90,0,0,0
"270",150,0,0,1
"271",130,0,1,1
"272",200,0,1,1
"273",100,0,1,1
"274",100,0,0,0
"275",60,0,1,1
"276",20,1,1,0
"277",200,0,0,1
"278",200,1,1,1
"279",300,0,1,1
"280",300,0,0,0
"281",300,0,0,1
"282",450,1,0,1
"283",390,0,0,1
"284",400,0,0,0
"285",400,1,1,1
"286",300,1,1,1
"287",160,0,0,1
"288",230,0,0,0
"289",200,1,1,0
"290",280,0,0,0
"291",260,0,0,0
"292",300,1,1,1
"293",400,0,1,1
"294",500,0,1,0
"295",400,0,1,1
"296",500,0,1,1
"297",600,0,1,0
"298",620,0,1,0
"299",600,0,0,0
"300",600,0,1,0
"301",20,1,1,1
"302",100,0,0,0
"303",300,1,1,1
"304",500,0,1,1
"305",660,0,1,0
"306",360,0,0,1
"307",360,1,1,1
"308",100,0,0,0
"309",100,0,0,1
"310",100,1,0,0
"311",230,0,0,1
"312",300,0,1,0
"313",220,0,0,1
"314",280,1,1,0
"315",230,0,0,1
"316",220,0,0,1
"317",135,0,0,1
"318",280,0,0,1
"319",140,0,0,1
"320",150,0,0,0
"321",100,0,0,1
"322",600,0,1,0
"323",600,0,1,0
"324",480,0,1,0
"325",300,1,1,1
"326",200,1,1,1
"327",245,0,0,0
"328",245,0,1,0
"329",260,0,1,0
"330",280,0,0,1
"331",260,0,0,1
"332",320,0,1,1
"333",300,1,1,1
"334",180,1,1,1
"335",220,0,1,1
"336",170,0,1,1
"337",200,1,1,1
"338",180,0,1,1
"339",150,1,1,1
"340",160,1,1,1
"341",210,0,0,1
"342",300,0,0,0
"343",320,1,1,1
"344",70,1,0,0
"345",190,1,0,1
"346",370,0,0,0
"347",420,1,0,0
"348",400,1,1,0
"349",340,0,0,1
"350",380,1,1,1
"351",440,1,1,1
"352",500,0,1,1
"353",500,0,1,1
"354",180,0,0,1
"355",300,1,1,0
"356",400,0,1,1
"357",200,0,1,1
"358",110,1,0,0
"359",180,0,0,0
"360",300,0,0,0
"361",300,0,0,0
"362",320,0,0,0
"363",130,0,0,0
"364",110,1,0,0
"365",90,0,0,0
"366",120,0,0,0
"367",300,0,1,1
"368",180,1,0,1
"369",190,1,0,0
"370",240,0,1,1
"371",1,0,0,0
"372",20,0,0,0
"373",1,0,0,0
"374",20,0,0,0
"375",8,0,0,0
"376",15,0,0,0
"377",20,1,0,0
"378",20,1,0,0
"379",8,1,0,0
"380",20,0,0,0
"381",10,1,0,0
"382",20,0,0,0
"383",35,0,1,0
"384",8,0,0,0
"385",20,0,1,0
"386",20,0,1,0
"387",45,0,1,0
"388",0,0,0,0
"389",5,0,0,0
"390",0,1,0,0
"391",10,0,1,0
"392",40,0,0,1
